1.533000000000000114e+02
1.546999999999999886e+02
1.510999999999999943e+02
1.443000000000000114e+02
1.115999999999999943e+02
1.235999999999999943e+02
1.142999999999999972e+02
1.067000000000000028e+02
1.017999999999999972e+02
8.600000000000000000e+01
7.990000000000000568e+01
6.759999999999999432e+01
5.200000000000000000e+01
4.320000000000000284e+01
4.560000000000000142e+01
5.210000000000000142e+01
4.550000000000000000e+01
4.120000000000000284e+01
4.470000000000000284e+01
3.929999999999999716e+01
3.989999999999999858e+01
4.200000000000000000e+01
3.970000000000000284e+01
4.160000000000000142e+01
4.100000000000000000e+01
4.389999999999999858e+01
4.010000000000000142e+01
4.050000000000000000e+01
3.610000000000000142e+01
4.160000000000000142e+01
3.879999999999999716e+01
3.870000000000000284e+01
3.950000000000000000e+01
3.860000000000000142e+01
4.439999999999999858e+01
3.760000000000000142e+01
4.170000000000000284e+01
4.450000000000000000e+01
3.400000000000000000e+01
4.229999999999999716e+01
3.620000000000000284e+01
4.210000000000000142e+01
4.420000000000000284e+01
4.100000000000000000e+01
3.829999999999999716e+01
4.410000000000000142e+01
4.070000000000000284e+01
4.760000000000000142e+01
5.129999999999999716e+01
4.320000000000000284e+01
4.579999999999999716e+01
4.479999999999999716e+01
4.739999999999999858e+01
4.289999999999999858e+01
5.129999999999999716e+01
4.420000000000000284e+01
4.750000000000000000e+01
3.820000000000000284e+01
3.770000000000000284e+01
3.739999999999999858e+01
4.300000000000000000e+01
3.539999999999999858e+01
4.339999999999999858e+01
4.250000000000000000e+01
4.239999999999999858e+01
4.379999999999999716e+01
4.410000000000000142e+01
3.779999999999999716e+01
4.750000000000000000e+01
4.439999999999999858e+01
4.520000000000000284e+01
4.670000000000000284e+01
4.839999999999999858e+01
4.560000000000000142e+01
4.779999999999999716e+01
4.410000000000000142e+01
3.800000000000000000e+01
4.550000000000000000e+01
4.339999999999999858e+01
3.839999999999999858e+01
4.610000000000000142e+01
3.939999999999999858e+01
4.839999999999999858e+01
3.970000000000000284e+01
4.020000000000000284e+01
4.320000000000000284e+01
3.710000000000000142e+01
3.979999999999999716e+01
4.450000000000000000e+01
4.529999999999999716e+01
4.279999999999999716e+01
4.210000000000000142e+01
4.910000000000000142e+01
4.120000000000000284e+01
4.610000000000000142e+01
3.539999999999999858e+01
3.970000000000000284e+01
3.670000000000000284e+01
3.550000000000000000e+01
3.639999999999999858e+01
