1.619000000000000057e+02
1.540999999999999943e+02
1.438000000000000114e+02
1.325000000000000000e+02
1.102999999999999972e+02
1.062000000000000028e+02
9.420000000000000284e+01
8.190000000000000568e+01
8.140000000000000568e+01
6.029999999999999716e+01
5.350000000000000000e+01
4.310000000000000142e+01
3.620000000000000284e+01
2.819999999999999929e+01
3.779999999999999716e+01
3.689999999999999858e+01
3.689999999999999858e+01
3.470000000000000284e+01
4.029999999999999716e+01
3.910000000000000142e+01
3.279999999999999716e+01
3.389999999999999858e+01
3.760000000000000142e+01
3.800000000000000000e+01
3.939999999999999858e+01
4.120000000000000284e+01
3.339999999999999858e+01
3.779999999999999716e+01
3.479999999999999716e+01
4.429999999999999716e+01
3.820000000000000284e+01
4.089999999999999858e+01
3.579999999999999716e+01
4.939999999999999858e+01
4.760000000000000142e+01
4.070000000000000284e+01
5.770000000000000284e+01
5.600000000000000000e+01
3.950000000000000000e+01
4.039999999999999858e+01
2.969999999999999929e+01
4.089999999999999858e+01
4.420000000000000284e+01
3.929999999999999716e+01
3.829999999999999716e+01
4.060000000000000142e+01
3.660000000000000142e+01
4.129999999999999716e+01
3.670000000000000284e+01
4.070000000000000284e+01
3.850000000000000000e+01
3.900000000000000000e+01
4.389999999999999858e+01
4.050000000000000000e+01
4.879999999999999716e+01
4.620000000000000284e+01
5.589999999999999858e+01
4.129999999999999716e+01
4.739999999999999858e+01
3.810000000000000142e+01
4.660000000000000142e+01
4.879999999999999716e+01
4.679999999999999716e+01
5.200000000000000000e+01
4.070000000000000284e+01
4.620000000000000284e+01
4.079999999999999716e+01
3.460000000000000142e+01
3.570000000000000284e+01
3.900000000000000000e+01
3.989999999999999858e+01
3.760000000000000142e+01
4.120000000000000284e+01
3.929999999999999716e+01
4.229999999999999716e+01
4.520000000000000284e+01
4.510000000000000142e+01
5.060000000000000142e+01
5.110000000000000142e+01
3.329999999999999716e+01
4.620000000000000284e+01
2.610000000000000142e+01
4.000000000000000000e+01
2.719999999999999929e+01
2.980000000000000071e+01
3.320000000000000284e+01
3.689999999999999858e+01
4.339999999999999858e+01
4.529999999999999716e+01
3.510000000000000142e+01
4.610000000000000142e+01
4.139999999999999858e+01
4.479999999999999716e+01
5.220000000000000284e+01
4.129999999999999716e+01
3.750000000000000000e+01
3.739999999999999858e+01
5.210000000000000142e+01
4.300000000000000000e+01
4.660000000000000142e+01
